  3080.000    
  4690.000    
  3115.000    
  4200.000    
  3115.000    
  3675.000    
  4655.000    
  3675.000    
  3780.000    
  3360.000    
  2940.000    
  3500.000    
  2730.000    
  4515.000    
  3710.000    
  3570.000    
  3745.000    
  3745.000    
  3990.000    
  4270.000    
  3185.000    
  3815.000    
  4305.000    
  3850.000    
  3955.000    
  3815.000    
  3780.000    
  3360.000    
  3395.000    
  4270.000    
  3045.000    
  3430.000    
  4025.000    
  2695.000    
  2170.000    
  4305.000    
  4165.000    
  3150.000    
  4200.000    
  3430.000    
  3325.000    
  3500.000    
  4550.000    
  3535.000    
  3675.000    
  3815.000    
  3815.000    
  3430.000    
  4025.000    
  3605.000    
  4515.000    
  3640.000    
  3290.000    
  4795.000    
  5075.000    
  3220.000    
  3535.000    
  3885.000    
  4690.000    
  5600.000    
  5600.000    
  3255.000    
  3850.000    
  4095.000    
  2835.000    
  2240.000    
  4305.000    
  2870.000    
  3815.000    
  5075.000    
  3150.000    
  3010.000    
  2555.000    
  3325.000    
  2905.000    
  1995.000    
  3290.000    
  3010.000    
  2555.000    
  3780.000    
  3745.000    
  2695.000    
  3605.000    
  4270.000    
  3920.000    
  3780.000    
  3640.000    
  3570.000    
  3010.000    
  4760.000    
  3990.000    
  4130.000    
  3535.000    
  4095.000    
  2975.000    
  3535.000    
  2835.000    
  3570.000    
  4025.000    
  2415.000    
  2380.000    
  3360.000    
  3080.000    
  2135.000    
  3080.000    
  2975.000    
  4060.000    
  2730.000    
  3465.000    
  3535.000    
  4340.000    
  3920.000    
  3570.000    
  4060.000    
  4025.000    
  3850.000    
  3465.000    
  3675.000    
  4025.000    
  3850.000    
  4165.000    
  4375.000    
  4095.000    
  3990.000    
  3255.000    
  4130.000    
  4620.000    
  3325.000    
  3045.000    
  3780.000    
  4060.000    
  4620.000    
  5075.000    
  3675.000    
  2800.000    
  4095.000    
  5495.000    
  3010.000    
  3150.000    
  5250.000    
  1575.000    
  2590.000    
  3080.000    
  3010.000    
  3745.000    
  3080.000    
  2450.000    
  3500.000    
  4235.000    
  3885.000    
  2415.000    
  3360.000    
  1610.000    
  2590.000    
  3535.000    
  3430.000    
  3150.000    
  3920.000    
  3360.000    
  3430.000    
  2345.000    
  4620.000    
  2415.000    
  3360.000    
  2380.000    
  3150.000    
  3430.000    
  3115.000    
  2345.000    
  3115.000    
  3710.000    
  3605.000    
  4795.000    
  3080.000    
  3255.000    
  1995.000    
  3780.000    
  3990.000    
  3885.000    
  3920.000    
  2520.000    
  4025.000    
  3640.000    
  2800.000    
  3640.000    
  3290.000    
  3920.000    
  2975.000    
  3010.000    
  3780.000    
  3570.000    
  3675.000    
  4235.000    
  3640.000    
  3955.000    
  3220.000    
  3220.000    
  3500.000    
  5390.000    
  3640.000    
  4935.000    
  3710.000    
  3885.000    
  4025.000    
  3570.000    
  3745.000    
  3815.000    
  3850.000    
  3185.000    
  3220.000    
  3255.000    
  4130.000    
  3115.000    
  3045.000    
  3395.000    
  3080.000    
  4000.000    
  4000.000    
  4000.000    
  4000.000    
  4000.000    
  4000.000    
  4000.000    
  4000.000    
  4000.000    
  4000.000    
  4000.000    
  4000.000    
  4000.000    
  4000.000    
  4000.000    
  4000.000    
  4000.000    
  4000.000    
  4000.000    
  4000.000    
  4000.000    
  4000.000    
  4000.000    
  4000.000    
  4000.000    
  4000.000    
  4000.000    
  4000.000    
  4000.000    
  4000.000    
  4000.000    
  4000.000    
  4000.000    
  4000.000    
  4000.000    
  4000.000    
  4000.000    
  4000.000    
  4000.000    
  4000.000    
  4000.000    
  4000.000    
  4000.000    
  4000.000    
  4000.000    
  4000.000    
  4000.000    
  4000.000    
  4000.000    
  4000.000    
  4000.000    
  4000.000    
  4000.000    
  4000.000    
  4000.000    
  4000.000    
  4000.000    
  4000.000    
  4000.000    
  4000.000    
  4000.000    
  4000.000    
  4000.000    
  4000.000    
  4000.000    
  4000.000    
  4000.000    
  4000.000    
  4000.000    
  4000.000    
  4000.000    
  4000.000    
  4000.000    
  4000.000    
  4000.000    
  4000.000    
  4000.000    
  4000.000    
  4000.000    
  4000.000    
  4000.000    
  4000.000    
  4000.000    
  4000.000    
  4000.000    
  4000.000    
  4000.000    
  4000.000    
  4000.000    
  4000.000    
  4000.000    
  4000.000    
  4000.000    
  4000.000    
  4000.000    
  4000.000    
  4000.000    
  4000.000    
  4000.000    
  4000.000    
  4000.000    
  4000.000    
  4000.000    
  4000.000    
  4000.000    
  4000.000    
  4000.000    
  4000.000    
  4000.000    
  4000.000    
  4000.000    
  4000.000    
  4000.000    
  4000.000    
  4000.000    
  4000.000    
  4000.000    
  4000.000    
  4000.000    
  4000.000    
  4000.000    
  4000.000    
  4000.000    
  4000.000    
  4000.000    
  4000.000    
  4000.000    
  4000.000    
  4000.000    
  4000.000    
  4000.000    
  4000.000    
  4000.000    
  4000.000    
  4000.000    
  4000.000    
  4000.000    
  4000.000    
  4000.000    
  4000.000    
  4000.000    
  4000.000    
  4000.000    
  4000.000    
  4000.000    
  4000.000    
  4000.000    
  4000.000    
  4000.000    
  4000.000    
  4000.000    
  4000.000    
  4000.000    
  4000.000    
  4000.000    
  4000.000    
  4000.000    
  4000.000    
  4000.000    
  4000.000    
  4000.000    
  4000.000    
  4000.000    
  4000.000    
  4000.000    
  4000.000    
  4000.000    
  4000.000    
  4000.000    
  4000.000    
  4000.000    
  4000.000    
  4000.000    
  4000.000    
  4000.000    
  4000.000    
  4000.000    
  4000.000    
  4000.000    
  4000.000    
  4000.000    
  4000.000    
  4000.000    
  4000.000    
  4000.000    
  4000.000    
  4000.000    
  4000.000    
  4000.000    
  4000.000    
  4000.000    
  4000.000    
  4000.000    
  4000.000    
  4000.000    
  4000.000    
  4000.000    
  4000.000    
  4000.000    
  4000.000    
  4000.000    
  4000.000    
  4000.000    
  4000.000    
  4000.000    
  4000.000    
  4000.000    
  4000.000    
  4000.000    
  4000.000    
  4000.000    
  4000.000    
  4000.000    
  4000.000    
  4000.000    
  4000.000    
  4000.000    
  4000.000    
  4000.000    
  4000.000    
  4000.000    
  4000.000    
  4000.000    
  4000.000    
  4000.000    
  4000.000    
  4000.000    
  4000.000    
  4000.000    
  4000.000    
  4000.000    
  4000.000    
  4000.000    
  4000.000    
  4000.000    
  4000.000    
  4000.000    
  4000.000    
  4000.000    
  4000.000    
  4000.000    
  4000.000    
  4000.000    
  4000.000    
  4000.000    
  4000.000    
  4000.000    
  4000.000    
  4000.000    
  4000.000    
  4000.000    
  4000.000    
  4000.000    
  4000.000    
  4000.000    
  4000.000    
  4000.000    
  4000.000    
  4000.000    
  4000.000    
  4000.000    
  4000.000    
  4000.000    
  4000.000    
  4000.000    
  4000.000    
  4000.000    
  4000.000    
  4000.000    
  4000.000    
  4000.000    
  4000.000    
  4000.000    
  4000.000    
  4000.000    
  4000.000    
  4000.000    
  4000.000    
  4000.000    
  4000.000    
  4000.000    
  4000.000    
  4000.000    
  4000.000    
  4000.000    
  4000.000    
  4000.000    
  4000.000    
  4000.000    
  4000.000    
  4000.000    
  4000.000    
  4000.000    
  4000.000    
  4000.000    
  4000.000    
  4000.000    
  4000.000    
  4000.000    
  4000.000    
  4000.000    
  4000.000    
  4000.000    
  4000.000    
  4000.000    
  4000.000    
  4000.000    
  4000.000    
  4000.000    
  4000.000    
  4000.000    
  4000.000    
  4000.000    
  4000.000    
  4000.000    
  4000.000    
  4000.000    
  4000.000    
  4000.000    
  4000.000    
  4000.000    
  4000.000    
  4000.000    
  4000.000    
  4000.000    
  4000.000    
  4000.000    
  4000.000    
  4000.000    
  4000.000    
  4000.000    
  4000.000    
  4000.000    
  4000.000    
  4000.000    
  4000.000    
  4000.000    
  4000.000    
  4000.000    
  4000.000    
  4000.000    
  4000.000    
  4000.000    
  4000.000    
  4000.000    
  4000.000    
  4000.000    
  4000.000    
  4000.000    
  4000.000    
  4000.000    
  4000.000    
  4000.000    
  4000.000    
  4000.000    
  4000.000    
  4000.000    
  4000.000    
  4000.000    
  4000.000    
  4000.000    
  4000.000    
  4000.000    
  4000.000    
  4000.000    
  4000.000    
  4000.000    
  4000.000    
  4000.000    
  4000.000    
  4000.000    
  4000.000    
  4000.000    
  4000.000    
  4000.000    
  4000.000    
  4000.000    
  4000.000    
  4000.000    
  4000.000    
  4000.000    
  4000.000    
  4000.000    
  4000.000    
  4000.000    
  4000.000    
  4000.000    
  4000.000    
  4000.000    
  4000.000    
  4000.000    
  4000.000    
  4000.000    
  4000.000    
  4000.000    
  4000.000    
  4000.000    
  4000.000    
  4000.000    
  4000.000    
  4000.000    
  4000.000    
  4000.000    
  4000.000    
  4000.000    
  4000.000    
  4000.000    
  4000.000    
  4000.000    
  4000.000    
  4000.000    
  4000.000    
  4000.000    
  4000.000    
  4000.000    
  4000.000    
  4000.000    
  4000.000    
  4000.000    
  4000.000    
  4000.000    
  4000.000    
  4000.000    
  4000.000    
  4000.000    
  4000.000    
  4000.000    
  4000.000    
  4000.000    
  4000.000    
  4000.000    
  4000.000    
  4000.000    
  4000.000    
  4000.000    
  4000.000    
  4000.000    
  4000.000    
  4000.000    
  4000.000    
  4000.000    
  4000.000    
  4000.000    
  4000.000    
  4000.000    
  4000.000    
  4000.000    
  4000.000    
  4000.000    
  4000.000    
  4000.000    
  4000.000    
  4000.000    
  4000.000    
  4000.000    
  4000.000    
  4000.000    
  4000.000    
  4000.000    
  4000.000    
  4000.000    
  4000.000    
  4000.000    
  4000.000    
  4000.000    
  4000.000    
  4000.000    
  4000.000    
  4000.000    
  4000.000    
  4000.000    
  4000.000    
  4000.000    
  4000.000    
  4000.000    
  4000.000    
  4000.000    
  4000.000    
  4000.000    
  4000.000    
  4000.000    
  4000.000    
  4000.000    
  4000.000    
  4000.000    
  4000.000    
  4000.000    
  4000.000    
  4000.000    
  4000.000    
  4000.000    
  4000.000    
  4000.000    
  4000.000    
  4000.000    
  4000.000    
  4000.000    
  4000.000    
  4000.000    
  4000.000    
  4000.000    
  4000.000    
  4000.000    
  4000.000    
  4000.000    
  4000.000    
  4000.000    
  4000.000    
  4000.000    
  4000.000    
  4000.000    
  4000.000    
  4000.000    
  4000.000    
  4000.000    
  4000.000    
  4000.000    
  4000.000    
  4000.000    
  4000.000    
  4000.000    
  4000.000    
  4000.000    
  4000.000    
  4000.000    
  4000.000    
  4000.000    
  4000.000    
  4000.000    
  4000.000    
  4000.000    
  4000.000    
  4000.000    
  4000.000    
  4000.000    
  4000.000    
  4000.000    
  4000.000    
  4000.000    
  4000.000    
  4000.000    
  4000.000    
  4000.000    
  4000.000    
  4000.000    
  4000.000    
  4000.000    
  4000.000    
  4000.000    
  4000.000    
  4000.000    
  4000.000    
  4000.000    
  4000.000    
  4000.000    
  4000.000    
  4000.000    
  4000.000    
  4000.000    
  4000.000    
  4000.000    
  4000.000    
  4000.000    
  4000.000    
  4000.000    
  4000.000    
  4000.000    
  4000.000    
  4000.000    
  4000.000    
  4000.000    
  4000.000    
  4000.000    
  4000.000    
  4000.000    
  4000.000    
  4000.000    
  4000.000    
  4000.000    
  4000.000    
  4000.000    
  4000.000    
  4000.000    
  4000.000    
  4000.000    
  4000.000    
  4000.000    
  4000.000    
  4000.000    
  4000.000    
  4000.000    
  4000.000    
  4000.000    
  4000.000    
  4000.000    
  4000.000    
  4000.000    
  4000.000    
  4000.000    
  4000.000    
  4000.000    
  4000.000    
  4000.000    
  4000.000    
  4000.000    
  4000.000    
  4000.000    
  4000.000    
  4000.000    
  4000.000    
  4000.000    
  4000.000    
  4000.000    
  4000.000    
  4000.000    
  4000.000    
  4000.000    
  4000.000    
  4000.000    
  4000.000    
  4000.000    
  4000.000    
  4000.000    
  4000.000    
  4000.000    
  4000.000    
  4000.000    
  4000.000    
  4000.000    
  4000.000    
  4000.000    
  4000.000    
  4000.000    
  4000.000    
  4000.000    
  4000.000    
  4000.000    
  4000.000    
  4000.000    
  4000.000    
  4000.000    
  4000.000    
  4000.000    
  4000.000    
  4000.000    
  4000.000    
  4000.000    
  4000.000    
  4000.000    
  4000.000    
  4000.000    
  4000.000    
  4000.000    
  4000.000    
  4000.000    
  4000.000    
  4000.000    
  4000.000    
  4000.000    
  4000.000    
  4000.000    
  4000.000    
  4000.000    
  4000.000    
  4000.000    
  4000.000    
  4000.000    
  4000.000    
  4000.000    
  4000.000    
  4000.000    
  4000.000    
  4000.000    
  4000.000    
  4000.000    
  4000.000    
  4000.000    
  4000.000    
  4000.000    
  4000.000    
  4000.000    
  4000.000    
  4000.000    
  4000.000    
  4000.000    
  4000.000    
  4000.000    
  4000.000    
  4000.000    
  4000.000    
  4000.000    
  4000.000    
  4000.000    
  4000.000    
  4000.000    
  4000.000    
  4000.000    
  4000.000    
  4000.000    
  4000.000    
  4000.000    
  4000.000    
  4000.000    
  4000.000    
  4000.000    
  4000.000    
  4000.000    
  4000.000    
  4000.000    
  4000.000    
  4000.000    
  4000.000    
  4000.000    
  4000.000    
  4000.000    
  4000.000    
  4000.000    
  4000.000    
  4000.000    
  4000.000    
  4000.000    
  4000.000    
  4000.000    
  4000.000    
  4000.000    
  4000.000    
  4000.000    
  4000.000    
  4000.000    
  4000.000    
  4000.000    
  4000.000    
  4000.000    
  4000.000    
  4000.000    
  4000.000    
  4000.000    
  4000.000    
  4000.000    
  4000.000    
  4000.000    
  4000.000    
  4000.000    
  4000.000    
  4000.000    
  4000.000    
  4000.000    
  4000.000    
  4000.000    
  4000.000    
  4000.000    
  4000.000    
  4000.000    
  4000.000    
  4000.000    
  4000.000    
  4000.000    
  4000.000    
  4000.000    
  4000.000    
  4000.000    
  4000.000    
  4000.000    
  4000.000    
  4000.000    
  4000.000    
  4000.000    
  4000.000    
  4000.000    
  4000.000    
  4000.000    
  4000.000    
  4000.000    
  4000.000    
  4000.000    
  4000.000    
  4000.000    
  4000.000    
  4000.000    
  4000.000    
  4000.000    
  4000.000    
  4000.000    
  4000.000    
  4000.000    
  4000.000    
  4000.000    
  4000.000    
  4000.000    
  4000.000    
  4000.000    
  4000.000    
  4000.000    
  4000.000    
  4000.000    
  4000.000    
  4000.000    
  4000.000    
  4000.000    
  4000.000    
  4000.000    
  4000.000    
  4000.000    
  4000.000    
  4000.000    
  4000.000    
  4000.000    
  4000.000    
  4000.000    
  4000.000    
  4000.000    
  4000.000    
  4000.000    
  4000.000    
  4000.000    
  4000.000    
  4000.000    
  4000.000    
  4000.000    
  4000.000    
  4000.000    
  4000.000    
  4000.000    
  4000.000    
  4000.000    
  4000.000    
  4000.000    
  4000.000    
  4000.000    
  4000.000    
  4000.000    
  4000.000    
  4000.000    
  4000.000    
  4000.000    
  4000.000    
  4000.000    
  4000.000    
  4000.000    
  4000.000    
  4000.000    
  4000.000    
  4000.000    
  4000.000    
  4000.000    
  4000.000    
  4000.000    
  4000.000    
  4000.000    
  4000.000    
  4000.000    
  4000.000    
  4000.000    
  4000.000    
  4000.000    
  4000.000    
  4000.000    
  4000.000    
  4000.000    
  4000.000    
  4000.000    
  4000.000    
  4000.000    
  4000.000    
  4000.000    
  4000.000    
  4000.000    
  4000.000    
  4000.000    
  4000.000    
  4000.000    
  4000.000    
  4000.000    
  4000.000    
  4000.000    
  4000.000    
  4000.000    
  4000.000    
  4000.000    
  4000.000    
  4000.000    
  4000.000    
  4000.000    
  4000.000    
  4000.000    
  4000.000    
  4000.000    
  4000.000    
  4000.000    
  4000.000    
  4000.000    
  4000.000    
  4000.000    
  4000.000    
  4000.000    
  4000.000    
  4000.000    
  4000.000    
  4000.000    
  4000.000    
  4000.000    
  4000.000    
  4000.000    
  4000.000    
  4000.000    
  4000.000    
  4000.000    
  4000.000    
  4000.000    
  4000.000    
  4000.000    
  4000.000    
  4000.000    
  4000.000    
  4000.000    
  4000.000    
  4000.000    
  4000.000    
  4000.000    
  4000.000    
  4000.000    
  4000.000    
  4000.000    
  4000.000    
  4000.000    
  4000.000    
  4000.000    
  4000.000    
  4000.000    
  4000.000    
  4000.000    
  4000.000    
  4000.000    
  4000.000    
  4000.000    
  4000.000    
  4000.000    
  4000.000    
  4000.000    
  4000.000    
  4000.000    
  4000.000    
  4000.000    
  4000.000    
  4000.000    
  4000.000    
  4000.000    
  4000.000    
  4000.000    
  4000.000    
  4000.000    
  4000.000    
  4000.000    
  4000.000    
  4000.000    
  4000.000    
  4000.000    
  4000.000    
  4000.000    
  4000.000    
  4000.000    
  4000.000    
  4000.000    
  4000.000    
  4000.000    
  4000.000    
  4000.000    
  4000.000    
  4000.000    
  4000.000    
  4000.000    
  4000.000    
  4000.000    
  4000.000    
  4000.000    
  4000.000    
  4000.000    
  4000.000    
  4000.000    
  4000.000    
  4000.000    
  4000.000    
  4000.000    
  4000.000    
  4000.000    
  4000.000    
  4000.000    
  4000.000    
  4000.000    
  4000.000    
  4000.000    
  4000.000    
  4000.000    
  4000.000    
  4000.000    
  4000.000    
  4000.000    
  4000.000    
  4000.000    
  4000.000    
  4000.000    
  4000.000    
  4000.000    
  4000.000    
  4000.000    
  4000.000    
  4000.000    
  4000.000    
  4000.000    
  4000.000    
  4000.000    
  4000.000    
  4000.000    
  4000.000    
  4000.000    
  4000.000    
  4000.000    
  4000.000    
  4000.000    
  4000.000    
  4000.000    
  4000.000    
  4000.000    
  4000.000    
  4000.000    
  4000.000    
  4000.000    
  4000.000    
  4000.000    
  4000.000    
  4000.000    
  4000.000    
  4000.000    
  4000.000    
  4000.000    
  4000.000    
  4000.000    
  4000.000    
  4000.000    
  4000.000    
  4000.000    
  4000.000    
  4000.000    
  4000.000    
  4000.000    
  4000.000    
  4000.000    
  4000.000    
  4000.000    
  4000.000    
  4000.000    
  4000.000    
  4000.000    
  4000.000    
  4000.000    
  4000.000    
  4000.000    
  4000.000    
  4000.000    
  4000.000    
  4000.000    
  4000.000    
  4000.000    
  4000.000    
  4000.000    
  4000.000    
  4000.000    
  4000.000    
  4000.000    
  4000.000    
  4000.000    
  4000.000    
  4000.000    
  4000.000    
  4000.000    
  4000.000    
  4000.000    
  4000.000    
  4000.000    
  4000.000    
