  3314.948    
  3912.749    
  3546.591    
  2369.752    
  3157.714    
  3506.636    
  4265.325    
  4705.849    
  3532.088    
  3910.229    
  4297.721    
  3831.058    
  4009.348    
  4356.016    
  3993.655    
  3852.170    
  4274.032    
  3841.334    
  3964.996    
  3703.615    
  4099.761    
  4155.061    
  4162.634    
  4170.642    
  2500.484    
  3336.479    
  4949.644    
  4265.955    
  4071.801    
  3931.018    
  3595.873    
  4579.233    
  5326.246    
  3656.954    
  3183.095    
  3176.642    
  3630.969    
  3755.905    
  2332.456    
  3953.853    
  3481.255    
  4363.478    
  4399.079    
  5282.857    
  4564.588    
  3981.179    
  3637.606    
  3395.154    
  4955.706    
  4294.445    
  3934.993    
  2210.460    
  5585.258    
  5166.868    
  4971.723    
  5261.045    
  4350.291    
  4830.630    
  4974.326    
  4470.410    
  4047.036    
  5102.231    
  4247.628    
  5071.457    
  3455.985    
  4067.364    
  5169.542    
  5073.822    
  3398.443    
  3983.672    
  2825.186    
  3842.370    
  3707.129    
  3944.515    
  2634.492    
  4507.918    
  4304.313    
  3191.861    
  3327.870    
  4486.439    
  4571.490    
  3860.638    
  4130.084    
  3952.187    
  3824.087    
  3890.503    
  2372.286    
  5818.148    
  4731.047    
  3221.568    
  4017.958    
  3684.423    
  4416.259    
  4213.004    
  3837.078    
  3511.760    
  2970.086    
  2925.874    
  4015.283    
  3220.224    
  3423.014    
  4212.138    
  3912.860    
  4258.451    
  4840.989    
  3833.059    
  5533.333    
  3764.810    
  2741.998    
  5060.958    
  3192.798    
  5233.564    
  4198.614    
  3828.929    
  3711.919    
  3717.993    
  3643.500    
  3023.343    
  5215.182    
  3496.753    
  4431.882    
  3506.230    
  3875.130    
  3229.086    
  4002.558    
  3721.102    
  3718.303    
  4353.930    
  3740.827    
  3545.528    
  0.000000    
  0.000000    
  0.000000    
  0.000000    
  0.000000    
  0.000000    
  2526.888    
  3751.818    
  4073.929    
  3747.212    
  3989.552    
  3914.274    
  4077.486    
  4577.748    
  4154.892    
  2339.022    
  4682.006    
  3514.700    
  4462.024    
  4089.974    
  4065.041    
  4914.097    
  5329.253    
  3239.404    
  4015.591    
  5003.530    
  4401.516    
  3806.712    
  3373.817    
  5651.801    
  4878.020    
  3999.366    
  3932.124    
  4549.579    
  3467.898    
  5293.818    
  4405.828    
  3720.080    
  4891.795    
  3837.120    
  4421.368    
  4385.961    
  4860.926    
  3796.338    
  3927.715    
  4892.706    
  4952.556    
  4587.562    
  4179.853    
  4087.481    
  5256.636    
  4242.756    
  4206.553    
  3610.670    
  4466.014    
  3122.070    
  3773.322    
  4666.045    
  3653.244    
  3863.566    
  4236.681    
  4704.406    
  4464.824    
  4094.119    
  4597.545    
  4161.613    
  3843.771    
  4232.117    
  0.000000    
  0.000000    
  0.000000    
  0.000000    
  0.000000    
  0.000000    
