  3297.140    
  3861.479    
  3513.930    
  2321.726    
  3140.060    
  3441.584    
  4238.360    
  4677.471    
  3485.789    
  3864.245    
  4289.145    
  3790.010    
  3969.595    
  4322.780    
  3980.410    
  3818.674    
  4275.706    
  3805.271    
  3908.031    
  3700.166    
  4079.075    
  4117.400    
  4146.694    
  4157.056    
  2480.975    
  3320.380    
  4933.565    
  4271.294    
  4060.069    
  3867.396    
  3546.586    
  4582.936    
  5305.090    
  3617.949    
  3148.705    
  3163.265    
  3595.270    
  3719.729    
  2338.735    
  3931.165    
  3490.410    
  4344.305    
  4384.344    
  5265.364    
  4578.140    
  3971.170    
  3650.326    
  3384.254    
  4913.790    
  4274.235    
  3921.120    
  2185.470    
  5563.600    
  5159.104    
  4955.580    
  5246.358    
  4342.135    
  4823.909    
  4954.949    
  4466.141    
  4028.151    
  5087.776    
  4240.390    
  5061.279    
  3413.620    
  4056.500    
  5163.795    
  5051.726    
  3387.336    
  3959.444    
  2796.780    
  3842.755    
  3674.334    
  3920.734    
  2588.670    
  4486.649    
  4276.161    
  3165.680    
  3300.220    
  4474.190    
  4549.895    
  3823.750    
  4106.024    
  3907.505    
  3812.131    
  3867.325    
  2350.110    
  5806.604    
  4706.381    
  3222.800    
  4006.100    
  3674.580    
  4419.414    
  4195.345    
  3857.489    
  3488.800    
  2966.460    
  2913.400    
  3967.390    
  3203.689    
  3399.096    
  4168.569    
  3888.080    
  4237.800    
  4810.156    
  3812.374    
  5518.555    
  3766.245    
  2722.860    
  5040.666    
  3163.510    
  5232.991    
  4192.440    
  3802.715    
  3706.780    
  3700.271    
  3630.445    
  3001.040    
  5192.846    
  3498.741    
  4437.021    
  3498.810    
  3842.825    
  3238.655    
  3972.396    
  3711.120    
  3704.962    
  4360.195    
  3718.400    
  3547.216    
  0.000000    
  0.000000    
  0.000000    
  0.000000    
  0.000000    
  0.000000    
  2510.760    
  3750.845    
  4076.206    
  3737.300    
  3992.450    
  3923.360    
  4080.159    
  4603.969    
  4155.726    
  2312.975    
  4684.471    
  3522.155    
  4470.304    
  4072.600    
  4056.115    
  4870.285    
  5308.240    
  3204.635    
  3977.575    
  4976.790    
  4351.235    
  3790.220    
  3320.205    
  5650.820    
  4861.429    
  3982.057    
  3885.456    
  4514.581    
  3450.264    
  5263.510    
  4386.480    
  3660.895    
  4859.750    
  3816.016    
  4405.556    
  4328.031    
  4836.684    
  3799.740    
  3900.050    
  4880.190    
  4940.495    
  4555.635    
  4135.354    
  4055.870    
  5211.570    
  4216.065    
  4165.385    
  3586.100    
  4454.066    
  3083.675    
  3717.770    
  4629.450    
  3624.810    
  3828.370    
  4226.389    
  4689.439    
  4430.756    
  4055.660    
  4589.655    
  4163.460    
  3843.876    
  4220.230    
  0.000000    
  0.000000    
  0.000000    
  0.000000    
  0.000000    
  0.000000    
