  3289.650    
  3845.205    
  3487.015    
  2349.165    
  3152.169    
  3434.410    
  4224.990    
  4688.564    
  3493.805    
  3905.125    
  4292.226    
  3764.530    
  3960.461    
  4327.540    
  3989.580    
  3850.490    
  4260.690    
  3795.261    
  3918.985    
  3675.385    
  4079.320    
  4118.835    
  4154.185    
  4155.550    
  2466.800    
  3307.990    
  4920.720    
  4248.124    
  4043.725    
  3895.289    
  3559.920    
  4578.139    
  5315.344    
  3621.240    
  3167.395    
  3162.530    
  3604.685    
  3734.991    
  2328.585    
  3942.890    
  3492.161    
  4345.144    
  4366.321    
  5260.221    
  4565.225    
  3993.744    
  3656.380    
  3387.650    
  7863.696    
  4279.695    
  3920.630    
  2204.930    
  5554.780    
  5175.486    
  4942.211    
  5274.394    
  4362.471    
  4848.690    
  4956.945    
  4458.791    
  4037.110    
  5106.746    
  4245.746    
  5048.156    
  6235.601    
  6996.290    
  5157.076    
  5053.546    
  3388.245    
  3965.920    
  2804.236    
  6078.974    
  3701.495    
  3951.256    
  2630.040    
  4482.555    
  4290.021    
  3184.370    
  3302.111    
  4472.824    
  4565.120    
  3850.035    
  7036.646    
  3945.199    
  3797.254    
  3872.573    
  2367.155    
  5814.270    
  4723.634    
  3230.604    
  4009.845    
  3680.705    
  4397.226    
  4213.229    
  3878.596    
  3508.680    
  2964.430    
  2896.880    
  3974.004    
  3201.065    
  3407.005    
  4203.779    
  3900.786    
  4241.021    
  4757.375    
  3820.355    
  5497.557    
  3752.980    
  2735.880    
  5060.475    
  3161.060    
  5211.955    
  4181.381    
  3798.025    
  3711.679    
  3706.081    
  3602.829    
  3013.536    
  5218.221    
  3506.720    
  4458.895    
  3490.760    
  6558.966    
  3223.500    
  3992.659    
  3697.960    
  3740.520    
  4362.784    
  3711.225    
  3558.381    
  0.000000    
  0.000000    
  0.000000    
  0.000000    
  0.000000    
  0.000000    
  2488.220    
  3769.849    
  4071.900    
  3731.665    
  4009.879    
  3921.156    
  4070.431    
  4596.900    
  4176.444    
  2328.060    
  4708.971    
  3514.945    
  4481.750    
  4098.885    
  4070.151    
  4879.981    
  5303.584    
  3203.515    
  4005.646    
  4980.675    
  4372.655    
  3804.256    
  3352.301    
  5651.099    
  4870.424    
  3964.765    
  3911.006    
  4523.400    
  3456.740    
  5302.046    
  4390.225    
  3665.585    
  4849.111    
  3794.771    
  4373.949    
  4326.629    
  4816.945    
  3794.875    
  3881.850    
  4862.620    
  4937.520    
  4532.535    
  4137.175    
  4046.839    
  5214.616    
  4234.721    
  4158.314    
  3544.240    
  4443.109    
  3100.475    
  3720.290    
  4625.214    
  3618.825    
  3828.370    
  4230.766    
  4703.335    
  4437.335    
  4055.870    
  4600.575    
  4154.920    
  3857.209    
  4224.045    
  0.000000    
  0.000000    
  0.000000    
  0.000000    
  0.000000    
  0.000000    
