  3303.286    
  3865.483    
  3502.533    
  2316.887    
  3107.762    
  3463.908    
  4210.375    
  4690.182    
  3476.004    
  3883.390    
  4239.061    
  3776.220    
  3941.028    
  4286.422    
  3931.381    
  6589.451    
  4279.199    
  3827.936    
  3965.766    
  3717.070    
  4089.653    
  4147.823    
  4182.864    
  4203.598    
  2497.040    
  3359.328    
  4947.894    
  4300.142    
  4101.509    
  3909.206    
  3592.120    
  4596.606    
  5322.226    
  3606.204    
  3161.690    
  3147.200    
  3571.274    
  3701.811    
  2288.272    
  3941.265    
  3437.056    
  4339.398    
  4370.688    
  5245.842    
  4548.515    
  3925.572    
  3598.407    
  3383.618    
  4873.022    
  4239.242    
  3866.479    
  2154.306    
  5524.667    
  5108.124    
  4884.824    
  5210.927    
  4303.529    
  4774.630    
  4934.383    
  4398.296    
  3982.062    
  5073.096    
  4194.540    
  5006.372    
  3418.675    
  4049.823    
  5179.944    
  5021.044    
  3347.792    
  3931.997    
  2749.600    
  3832.122    
  3636.751    
  3926.636    
  2574.208    
  3634.806    
  4264.357    
  3182.438    
  3282.062    
  4460.330    
  4494.349    
  3764.306    
  4062.575    
  3854.843    
  3757.306    
  3806.530    
  2279.956    
  5723.606    
  4641.475    
  3157.742    
  3942.148    
  3600.534    
  4329.725    
  4120.858    
  3767.681    
  3417.653    
  2931.446    
  2882.012    
  3979.445    
  3184.510    
  3401.371    
  4165.167    
  3861.341    
  4219.488    
  4780.973    
  3791.983    
  5495.966    
  3689.420    
  2719.570    
  5016.703    
  3139.248    
  4434.708    
  4155.984    
  3757.095    
  3660.021    
  3645.544    
  3585.637    
  2977.507    
  5140.689    
  3401.650    
  4684.414    
  3447.752    
  3790.919    
  3128.622    
  3949.596    
  3622.739    
  3673.558    
  4300.436    
  3672.593    
  3480.750    
  0.000000    
  0.000000    
  0.000000    
  0.000000    
  0.000000    
  0.000000    
  2431.198    
  3693.451    
  3986.934    
  3648.119    
  3917.885    
  3841.907    
  3955.952    
  4519.606    
  4101.188    
  2239.622    
  4665.905    
  3430.434    
  4393.816    
  4016.376    
  4021.472    
  4848.410    
  5254.382    
  3155.670    
  3232.432    
  4969.385    
  4312.503    
  3756.410    
  3290.714    
  5614.223    
  4805.275    
  3918.194    
  3873.323    
  4472.455    
  3376.352    
  5250.867    
  4376.457    
  3653.789    
  4823.351    
  3807.622    
  4385.696    
  4341.022    
  4826.626    
  3805.943    
  3903.872    
  4852.175    
  4933.920    
  4527.193    
  4127.059    
  4046.701    
  5245.604    
  4218.607    
  4163.627    
  3566.262    
  4426.017    
  3085.137    
  3722.459    
  4609.010    
  3606.680    
  3808.209    
  4199.272    
  4663.919    
  4395.860    
  4025.504    
  4583.684    
  4112.599    
  3831.351    
  4183.955    
  0.000000    
  0.000000    
  0.000000    
  0.000000    
  0.000000    
  0.000000    
