  3311.560    
  3875.935    
  3504.865    
  2353.750    
  3153.324    
  3476.060    
  4246.095    
  4723.950    
  3515.750    
  3900.400    
  4280.116    
  3785.426    
  4002.565    
  4341.541    
  4011.560    
  3846.395    
  4290.719    
  3816.329    
  3926.581    
  3688.019    
  4081.770    
  4128.984    
  4172.349    
  4153.835    
  2481.885    
  3341.170    
  4939.024    
  4282.845    
  4062.835    
  3876.425    
  3567.795    
  4585.141    
  5346.671    
  3634.435    
  3184.335    
  3170.440    
  3623.409    
  3753.574    
  2357.635    
  3953.670    
  3499.790    
  4364.570    
  4377.694    
  5282.725    
  4606.595    
  4008.760    
  3656.450    
  3397.800    
  4950.645    
  4281.445    
  3924.305    
  2200.380    
  5581.521    
  5196.451    
  4980.254    
  5282.620    
  4382.805    
  4843.230    
  4975.530    
  4495.716    
  4040.539    
  5115.667    
  4267.129    
  7331.276    
  3434.865    
  4047.190    
  5164.004    
  5078.360    
  3387.195    
  3968.964    
  2805.005    
  3839.744    
  3711.750    
  3947.545    
  2612.505    
  4502.226    
  4298.069    
  3192.105    
  3321.080    
  4508.420    
  4582.270    
  3866.590    
  7035.596    
  3951.219    
  3800.510    
  3887.031    
  2396.030    
  5818.295    
  4739.455    
  3238.340    
  4033.191    
  3708.109    
  4420.185    
  4207.701    
  3892.175    
  3512.250    
  5908.700    
  2894.255    
  4004.525    
  3215.940    
  3434.339    
  4180.364    
  3902.045    
  4260.026    
  4818.801    
  3842.791    
  5531.856    
  3768.905    
  2741.340    
  5081.194    
  3174.360    
  5239.990    
  4198.459    
  3801.596    
  3700.760    
  3709.755    
  3620.365    
  3004.154    
  5223.925    
  3490.830    
  5126.626    
  3523.800    
  3878.141    
  3230.990    
  4011.630    
  3714.410    
  3727.045    
  4359.706    
  3734.675    
  3562.405    
  0.000000    
  0.000000    
  0.000000    
  0.000000    
  0.000000    
  0.000000    
  2504.075    
  3759.595    
  4085.131    
  3751.476    
  4023.985    
  3930.150    
  4075.715    
  4603.584    
  4202.905    
  2344.685    
  4697.314    
  3537.871    
  4473.839    
  4117.260    
  4077.710    
  4876.515    
  5297.529    
  3206.770    
  4011.979    
  5000.556    
  4386.375    
  3815.595    
  3348.414    
  5675.529    
  4872.419    
  3981.461    
  3934.035    
  4544.154    
  3458.036    
  5293.122    
  4396.630    
  3669.540    
  4872.911    
  3822.525    
  4388.930    
  4335.834    
  4822.334    
  3802.051    
  3899.771    
  4900.875    
  4936.261    
  4551.995    
  4129.021    
  4066.301    
  5214.125    
  4241.370    
  4187.156    
  3583.405    
  4443.146    
  3097.990    
  3737.755    
  4631.865    
  3627.820    
  3842.895    
  4220.929    
  4691.960    
  4432.819    
  4051.284    
  4596.131    
  4142.740    
  3854.936    
  4219.774    
  0.000000    
  0.000000    
  0.000000    
  0.000000    
  0.000000    
  0.000000    
