  3280.635    
  3832.598    
  3487.764    
  2299.766    
  3099.643    
  3447.738    
  4169.899    
  4681.711    
  3467.633    
  3861.928    
  4230.871    
  3783.584    
  3948.728    
  4261.670    
  3928.580    
  3784.914    
  4210.654    
  3789.296    
  3916.710    
  3670.631    
  4051.026    
  4084.361    
  4120.858    
  4138.414    
  2445.002    
  3314.052    
  4904.566    
  3362.114    
  4036.634    
  3852.212    
  3515.569    
  4524.953    
  5313.278    
  3600.395    
  3146.570    
  3135.425    
  3568.111    
  3679.312    
  2285.724    
  3920.965    
  3440.178    
  4332.244    
  4358.969    
  5229.337    
  4535.035    
  3914.778    
  3610.782    
  3366.832    
  4882.583    
  4234.272    
  3880.801    
  2141.762    
  5521.614    
  5120.709    
  4894.666    
  5238.366    
  4318.355    
  4775.904    
  4916.591    
  4400.020    
  3988.782    
  5062.807    
  4209.127    
  5025.777    
  3419.024    
  4013.001    
  5156.899    
  5020.750    
  3361.749    
  3915.955    
  2754.164    
  3822.825    
  3622.990    
  3913.252    
  2568.468    
  4468.127    
  4258.185    
  3159.618    
  3260.993    
  4441.332    
  4543.895    
  3822.238    
  4085.578    
  3903.453    
  3796.254    
  3886.848    
  2326.814    
  5776.345    
  4694.508    
  3196.144    
  3969.098    
  3639.651    
  4376.149    
  4152.428    
  3818.640    
  6239.785    
  2924.460    
  2878.638    
  3983.477    
  3187.870    
  3391.963    
  4136.034    
  3856.762    
  4218.229    
  4766.804    
  3816.680    
  5499.004    
  3702.651    
  2715.118    
  5025.777    
  3158.652    
  4414.844    
  4170.826    
  3737.287    
  3646.720    
  3662.932    
  3581.886    
  2969.877    
  5140.955    
  3391.303    
  4350.681    
  3439.491    
  3788.288    
  3113.600    
  3944.360    
  3607.310    
  3648.234    
  4290.888    
  3663.310    
  3468.766    
  0.000000    
  0.000000    
  0.000000    
  0.000000    
  0.000000    
  0.000000    
  2399.838    
  3695.496    
  4001.760    
  3656.759    
  3907.820    
  3832.920    
  3951.696    
  4526.354    
  4067.812    
  2225.972    
  4658.542    
  3396.638    
  4393.787    
  4028.934    
  4025.098    
  4843.356    
  5268.746    
  3147.942    
  3233.174    
  4966.640    
  4314.842    
  3755.934    
  3300.402    
  5604.859    
  4788.559    
  3911.642    
  3868.031    
  4482.183    
  3375.638    
  5243.854    
  4392.052    
  3665.046    
  4823.266    
  3801.392    
  4381.551    
  4309.102    
  4830.673    
  3806.599    
  3896.871    
  4837.126    
  4921.083    
  4521.298    
  4126.023    
  4059.917    
  5221.692    
  4216.533    
  4150.986    
  3563.742    
  4432.959    
  3084.298    
  3709.958    
  4602.751    
  3603.768    
  3811.107    
  4202.870    
  4685.478    
  4378.010    
  4011.938    
  4593.176    
  4106.185    
  3824.813    
  4186.883    
  0.000000    
  0.000000    
  0.000000    
  0.000000    
  0.000000    
  0.000000    
