  3298.359    
  3836.854    
  3490.396    
  2300.158    
  3104.667    
  3439.365    
  4200.741    
  4669.868    
  3494.470    
  3877.342    
  4256.294    
  3782.563    
  3960.306    
  4290.062    
  3937.150    
  3780.097    
  4222.050    
  3795.331    
  3925.208    
  3671.164    
  4049.291    
  4101.244    
  4115.888    
  4130.980    
  2441.685    
  3305.637    
  4899.790    
  3386.264    
  4041.618    
  3865.918    
  3536.176    
  4535.791    
  5301.407    
  3607.421    
  3140.088    
  3150.014    
  3566.109    
  3677.995    
  2282.714    
  3924.732    
  3444.266    
  4328.885    
  4351.256    
  5229.280    
  4529.127    
  3940.538    
  3594.990    
  3375.569    
  4883.550    
  4244.296    
  3878.672    
  2162.594    
  5521.853    
  5118.148    
  4897.101    
  5228.005    
  4310.727    
  4781.461    
  4927.329    
  4402.763    
  3977.259    
  5070.758    
  4220.859    
  5010.838    
  3453.617    
  4064.144    
  5207.595    
  5060.958    
  3399.914    
  3970.512    
  2807.518    
  3894.253    
  3691.492    
  3958.052    
  2638.482    
  4513.740    
  4316.773    
  3212.804    
  3320.449    
  4487.364    
  4503.212    
  3793.118    
  4050.564    
  3867.136    
  3748.359    
  3819.843    
  2280.922    
  5727.807    
  4639.992    
  3143.910    
  3934.546    
  3607.688    
  4343.232    
  4116.000    
  3793.439    
  6240.654    
  2925.300    
  2873.668    
  3985.380    
  3187.115    
  3395.573    
  4153.058    
  3848.446    
  4218.941    
  4748.913    
  3815.993    
  5505.262    
  3693.859    
  2712.107    
  5016.563    
  3147.340    
  4436.433    
  4157.594    
  3734.584    
  3659.713    
  3643.682    
  3585.918    
  2961.797    
  5143.823    
  3392.298    
  4357.304    
  3424.750    
  3792.361    
  3122.882    
  3938.495    
  3618.216    
  3664.975    
  4286.379    
  3675.209    
  3460.689    
  0.000000    
  0.000000    
  0.000000    
  0.000000    
  0.000000    
  0.000000    
  2406.348    
  3687.195    
  3996.819    
  3665.466    
  3911.474    
  3827.208    
  3955.224    
  4524.283    
  4071.928    
  2227.372    
  4646.180    
  3392.102    
  4395.845    
  4023.754    
  4023.782    
  4841.551    
  5257.603    
  3146.570    
  3240.720    
  4964.429    
  4314.492    
  3742.047    
  3288.809    
  5621.965    
  4803.974    
  3915.870    
  3882.592    
  4463.242    
  3381.056    
  5254.621    
  4377.073    
  3667.945    
  4828.208    
  3801.938    
  4391.562    
  4331.627    
  4815.118    
  3811.361    
  3875.621    
  4845.750    
  4922.945    
  4526.605    
  4122.118    
  4048.576    
  5206.347    
  4210.374    
  4150.860    
  3552.486    
  4421.634    
  3089.185    
  3694.460    
  4617.187    
  3615.555    
  3805.243    
  4198.936    
  4681.726    
  4387.320    
  4021.557    
  4578.602    
  4109.155    
  3823.120    
  4185.958    
  0.000000    
  0.000000    
  0.000000    
  0.000000    
  0.000000    
  0.000000    
