  3313.142    
  3899.070    
  3537.884    
  2344.720    
  3151.582    
  3486.267    
  4249.182    
  4685.492    
  3514.911    
  3902.220    
  4287.975    
  3813.531    
  4000.290    
  4325.229    
  3984.190    
  3837.722    
  4252.220    
  3832.808    
  3924.928    
  3698.422    
  4067.532    
  4127.117    
  4130.965    
  4130.405    
  2479.583    
  3321.626    
  4951.451    
  4268.867    
  4064.913    
  3886.007    
  3547.124    
  4582.507    
  5311.809    
  3612.251    
  3166.338    
  3169.179    
  3599.413    
  3721.117    
  2320.542    
  3932.208    
  3469.927    
  4331.333    
  4382.561    
  5271.393    
  4569.025    
  3976.742    
  3637.886    
  3386.530    
  4917.150    
  4283.202    
  3907.847    
  2178.918    
  5558.462    
  5160.484    
  4914.727    
  5239.066    
  4335.576    
  4806.187    
  4951.254    
  4451.818    
  4020.912    
  5091.674    
  4233.405    
  5044.774    
  3425.017    
  4062.884    
  5170.816    
  5049.646    
  3392.859    
  3970.917    
  2799.593    
  3830.021    
  3681.958    
  3948.126    
  2597.294    
  4500.566    
  4286.969    
  3175.214    
  3296.244    
  4455.345    
  4552.450    
  3823.135    
  4126.207    
  3937.164    
  3816.847    
  3874.318    
  2378.489    
  5804.457    
  4692.309    
  3197.475    
  3982.119    
  3667.412    
  4400.829    
  4191.348    
  3845.353    
  3488.562    
  2964.430    
  2919.126    
  4010.930    
  3197.754    
  3424.904    
  4185.706    
  3901.534    
  4250.764    
  4810.442    
  3808.910    
  5495.979    
  3753.316    
  2725.617    
  5063.631    
  3169.110    
  5212.507    
  4204.101    
  3831.143    
  3705.717    
  3707.241    
  3643.528    
  3015.880    
  5205.158    
  3478.175    
  4895.576    
  3493.714    
  3872.456    
  3234.294    
  3985.632    
  3694.796    
  3723.805    
  4354.826    
  3712.534    
  3549.308    
  0.000000    
  0.000000    
  0.000000    
  0.000000    
  0.000000    
  0.000000    
  2481.822    
  3724.239    
  4057.215    
  3739.147    
  3974.866    
  3913.769    
  4054.358    
  4558.232    
  4148.914    
  2307.872    
  4647.594    
  3478.496    
  4450.727    
  4073.091    
  4053.181    
  4889.879    
  5309.220    
  3208.729    
  3989.425    
  4979.828    
  4377.716    
  3796.002    
  3356.094    
  5661.795    
  4870.811    
  3990.954    
  3893.807    
  4537.050    
  3455.536    
  5283.531    
  4415.038    
  3743.544    
  4905.571    
  3847.914    
  4410.183    
  4392.654    
  4855.772    
  3816.582    
  3928.764    
  4889.794    
  4967.325    
  4581.850    
  4167.968    
  4092.508    
  5252.325    
  4236.106    
  4196.332    
  3614.113    
  4468.338    
  3129.364    
  3770.747    
  4680.775    
  3674.258    
  3851.036    
  4248.804    
  4715.663    
  4468.339    
  4093.082    
  4600.890    
  4143.300    
  3864.000    
  4216.016    
  0.000000    
  0.000000    
  0.000000    
  0.000000    
  0.000000    
  0.000000    
